0.486536858663253191092934457628871314228                                                         
0.443962001459849486817432762109092436731                                                         
0.408745805775023784978117191712954081595                                                         
0.379428714371039255137674217621679417789                                                         
0.354911482656267152080431515059899538755                                                         
0.334355521133643585063310865734820254147                                                         
0.317114303007481002083522980683483183384                                                         
0.302685306250374930314706034550908952951                                                         
0.290675825353415073770690923993242904544                                                         
0.280778342514522105677343688512337394059                                                         
0.272752617588973178541777997452300041914                                                         
0.26641259456375293579455387771304231137                                                          
0.261616834970562150974870974096120335162                                                         
0.258261597755217064964483597577782347798                                                         
0.256275965254728455011701271359925158322                                                         
0.505587393832530263004798598558409139514   
