 0.000000000000000001401433995785138789438
 0.001415535429079983883657312127013483405
 0.000559438492626659943443567790666293149
-0.002168163583165403415081717852785914147
-0.001960130521780497746958671356765080418
 0.003217714771316381415500185170230906806
 0.004952666108350867874010603486567561049
-0.003676260800249438100845145172002048639
-0.010023193630789321503793409817717474652
 0.002115836760444849296708413888268296432
 0.017165365517154071439698270751250674948
 0.003381210119225200403519915326455702598
-0.0257782913780097849842931623243202921  
-0.01543812385480745723309592420946501079 
 0.034734020473965787623171763698337599635
 0.038897841120952340865368768163534696214
-0.042607221418842620985767410957123502158
-0.089676757467811452073647160432301461697
 0.04800895016094318401567164755761041306 
 0.312185454514418259108765596465673297644
 0.449388218373956482842856985371327027678
 0.312185454514418259108765596465673297644
 0.04800895016094318401567164755761041306 
-0.089676757467811452073647160432301461697
-0.042607221418842620985767410957123502158
 0.038897841120952340865368768163534696214
 0.034734020473965787623171763698337599635
-0.01543812385480745723309592420946501079 
-0.0257782913780097849842931623243202921  
 0.003381210119225200403519915326455702598
 0.017165365517154071439698270751250674948
 0.002115836760444849296708413888268296432
-0.010023193630789321503793409817717474652
-0.003676260800249438100845145172002048639
 0.004952666108350867874010603486567561049
 0.003217714771316381415500185170230906806
-0.001960130521780497746958671356765080418
-0.002168163583165403415081717852785914147
 0.000559438492626659943443567790666293149
 0.001415535429079983883657312127013483405
 0.000000000000000001401433995785138789438

