 0                                        
-0.000101867227369070666143612002851881471
-0.00013373845582426274725650061636628152 
 0.00090925151269280240964171246886849076 
 0.001116721798131117826535785297892289236
-0.002197630262985184740331945363323029596
-0.003791444484919864396643696125011047116
 0.003034975425250020612810697429040374118
 0.008716537698924371399544774874357244698
-0.001909458179464689365351093286449213338
-0.015916646357941269945834861232469847891
-0.003199355687852093507034245689624185616
 0.024769269042327277108306304853613255545
 0.015009349165162454847743944696958351415
-0.034076087525288963064884484310823609121
-0.038426183504838049009855183157924329862
 0.042310962783238342810321341858070809394
 0.089393146415571986262982306925550801679
-0.047981496078181279374419432315335143358
-0.312478243262280297454225319597753696144
 0.550039811946844703349768224143190309405
-0.312478243262280297454225319597753696144
-0.047981496078181279374419432315335143358
 0.089393146415571986262982306925550801679
 0.042310962783238342810321341858070809394
-0.038426183504838049009855183157924329862
-0.034076087525288963064884484310823609121
 0.015009349165162454847743944696958351415
 0.024769269042327277108306304853613255545
-0.003199355687852093507034245689624185616
-0.015916646357941269945834861232469847891
-0.001909458179464689365351093286449213338
 0.008716537698924371399544774874357244698
 0.003034975425250020612810697429040374118
-0.003791444484919864396643696125011047116
-0.002197630262985184740331945363323029596
 0.001116721798131117826535785297892289236
 0.00090925151269280240964171246886849076 
-0.00013373845582426274725650061636628152 
-0.000101867227369070666143612002851881471
 0
