 0                                        
 0.000101873701668732738337755372448611979
 0.000133746955739903278454275281639240802
-0.000909309301315434155739414467944925491
-0.001116792772788490015895002116508294421
 0.002197769936138532168717896198018024734
 0.003791685454939157026710283560078096343
-0.003035168316927521967030223493111407151
-0.00871709168943272591500992518831480993 
 0.001909579537479138677119605560505988251
 0.015917657960404459072112359763195854612
 0.003199559026923785506890673957514081849
-0.024770843284351133639642483785792137496
-0.015010303103212264269616937895079900045
 0.034078253273858195859791209159084246494
 0.038428625729224494267377565392962424085
-0.042313651909654199922972139802368474193
-0.089398827909341088693295773737190756947
 0.047984545602467294778126216669988934882
 0.31249810320975140998100982869800645858 
 0.45006117579685567253733324832865037024 
 0.31249810320975140998100982869800645858 
 0.047984545602467294778126216669988934882
-0.089398827909341088693295773737190756947
-0.042313651909654199922972139802368474193
 0.038428625729224494267377565392962424085
 0.034078253273858195859791209159084246494
-0.015010303103212264269616937895079900045
-0.024770843284351133639642483785792137496
 0.003199559026923785506890673957514081849
 0.015917657960404459072112359763195854612
 0.001909579537479138677119605560505988251
-0.00871709168943272591500992518831480993 
-0.003035168316927521967030223493111407151
 0.003791685454939157026710283560078096343
 0.002197769936138532168717896198018024734
-0.001116792772788490015895002116508294421
-0.000909309301315434155739414467944925491
 0.000133746955739903278454275281639240802
 0.000101873701668732738337755372448611979
 0                                        

