-0.000000000000000055767065383898003751353
-0.016325453846825297571365709359270113055
-0.005391489904697225298002560833765528514
 0.0164600405226636402333806330489096581  
 0.011537126114404088611520293738976761233
-0.014804463735160627163578439535740471911
-0.018147990626356230031701599614279984962
 0.010967366329393348628462589999799092766
 0.024889949580799833328548231747845420614
-0.004466205412808605008934126345820914139
-0.031405010096887439607904468630295014009
-0.005458695504543946072639748479105037404
 0.037334924371199777748397963250681641512
 0.020367966040302016433871656886367418338
-0.042345311461497905924922235953999916092
-0.044413391205482086188105483870458556339
 0.046148504457616534857322676543844863772
 0.093273562961760814182810008787782862782
-0.048523409142275146510581151915175723843
-0.31018362308968250307117386910249479115 
 0.54263961953462092058231291957781650126 
-0.31018362308968250307117386910249479115 
-0.048523409142275146510581151915175723843
 0.093273562961760814182810008787782862782
 0.046148504457616534857322676543844863772
-0.044413391205482086188105483870458556339
-0.042345311461497905924922235953999916092
 0.020367966040302016433871656886367418338
 0.037334924371199777748397963250681641512
-0.005458695504543946072639748479105037404
-0.031405010096887439607904468630295014009
-0.004466205412808605008934126345820914139
 0.024889949580799833328548231747845420614
 0.010967366329393348628462589999799092766
-0.018147990626356230031701599614279984962
-0.014804463735160627163578439535740471911
 0.011537126114404088611520293738976761233
 0.0164600405226636402333806330489096581  
-0.005391489904697225298002560833765528514
-0.016325453846825297571365709359270113055
-0.000000000000000055767065383898003751353
